163 492
162 548
170 606
181 661
203 712
236 761
277 801
322 831
376 836
428 823
465 789
498 748
525 703
541 655
552 605
560 553
559 500
183 460
209 429
251 424
293 431
334 444
396 448
437 437
478 433
519 442
543 473
371 492
373 532
375 571
377 613
327 644
351 649
375 654
397 647
418 640
230 500
253 481
283 483
308 507
281 512
251 512
425 507
449 483
478 483
502 500
480 510
452 510
284 722
317 712
351 700
376 707
399 697
431 704
459 711
433 742
404 760
378 765
351 764
317 751
296 725
350 725
376 728
400 722
446 715
401 725
377 730
0 0
700 0
0 1200
700 1200
171	627
0	805
384	932
715	745
539	640
