120 447
121 515
133 582
149 646
175 708
210 767
249 822
294 866
354 878
410 866
452 821
485 766
512 708
534 650
553 592
568 531
571 467
141 393
174 363
224 356
273 362
321 378
392 382
438 367
486 364
531 376
558 411
355 449
355 504
355 558
355 614
297 633
324 645
352 655
381 646
409 636
186 456
214 442
249 442
282 460
246 468
212 468
421 464
452 450
486 451
512 466
486 476
452 474
256 715
289 706
326 698
355 709
381 699
414 706
445 715
416 752
384 773
355 777
324 773
288 752
270 719
325 728
354 732
381 728
430 719
383 733
355 738
0 0
700 0
0 1200
700 1200
197	806
0	927
346	1099
715	927
503	785
