36 17 37
17 36 0
2 72 1
72 2 3
0 72 67
72 0 1
13 35 14
35 13 54
1 0 36
52 34 35
34 52 33
72 71 5
71 72 3
2 1 41
50 31 32
31 50 49
5 71 4
3 2 31
49 59 60
59 49 61
72 6 7
6 72 5
3 4 71
4 3 48
8 57 9
57 8 58
72 7 73
5 4 48
48 31 49
31 48 3
72 73 69
6 5 59
29 31 40
31 29 30
73 7 8
7 6 58
47 35 29
35 47 46
9 73 8
73 9 74
8 7 58
73 74 70
70 69 73
10 74 9
74 10 11
10 9 56
41 1 36
74 11 75
11 10 55
29 40 39
13 75 12
75 13 74
11 12 75
12 11 54
41 31 2
31 41 40
74 13 14
13 12 54
37 18 19
18 37 17
74 14 15
74 15 16
15 14 46
74 16 68
16 15 45
29 42 47
42 29 28
0 67 17
39 27 28
27 39 21
17 67 18
27 21 22
20 68 23
68 20 67
19 18 67
23 21 20
21 23 22
19 20 38
20 19 67
44 46 47
46 44 45
20 21 38
22 42 27
42 22 43
27 42 28
15 46 45
22 23 43
43 23 24
24 23 68
24 68 25
44 24 25
24 44 43
26 68 16
68 26 25
26 16 45
25 26 44
46 14 35
38 40 37
40 38 39
30 35 34
35 30 29
28 29 39
35 53 52
53 35 54
51 33 52
33 51 50
31 30 32
65 66 63
66 65 56
32 30 33
10 56 55
32 33 50
33 30 34
37 19 38
37 40 41
36 37 41
21 39 38
44 47 43
42 43 47
26 45 44
5 48 59
48 49 60
61 66 58
66 61 62
49 50 61
56 9 57
50 51 61
53 63 52
63 53 65
51 52 63
55 54 11
54 55 64
53 54 64
63 66 62
53 55 65
55 53 64
51 63 62
55 56 65
61 51 62
56 57 66
57 58 66
58 6 59
59 48 60
58 59 61
